Платежная матрица
[[ 8  8  6  7  8]
 [ 7  7  6  4  9]
 [10  8  9 10  8]
 [ 3  6  9 -2  8]
 [ 7  9  9  7 10]]

Нормализованная платежная матрица
[[0.83333333 0.83333333 0.66666667 0.75       0.83333333]
 [0.75       0.75       0.66666667 0.5        0.91666667]
 [1.         0.83333333 0.91666667 1.         0.83333333]
 [0.41666667 0.66666667 0.91666667 0.         0.83333333]
 [0.75       0.91666667 0.91666667 0.75       1.        ]]

Матрица выигрышей
[[0.16666667 0.16666667 0.33333333 0.25       0.16666667]
 [0.25       0.25       0.33333333 0.5        0.08333333]
 [0.         0.16666667 0.08333333 0.         0.16666667]
 [0.58333333 0.33333333 0.08333333 1.         0.16666667]
 [0.25       0.08333333 0.08333333 0.25       0.        ]]

Оптимальная смешанная стратегия первого игрока
[ 0.40540541 -0.22522523  0.42342342  0.05405405  0.34234234]

Оптимальная смешанная стратегия второго игрока
[ 0.40540541 -0.22522523  0.42342342  0.05405405  0.34234234]

Process finished with exit code 0
